16:05:2014_13:08:55.1562500PM #100000905,100000906,100000907,100000908,100000909
16:05:2014_13:09:36.3125000PM #100000905,100000906,100000907,100000908,100000909,100000910,100000911,100000912,100000913,100000914,100000915,100000916,100000917,100000918,100000919,100000920,100000921,100000922,100000923,100000924,100000925,100000926,100000927
26:05:2014_17:27:36PM #100000989,100000990,100000991,100000992,100000993,100000994,100000995,100000996,100000997,100000998,100000999,100001000,100001001,100001002,100001003,100001004,100001005
26:05:2014_17:28:26.5000000PM #100000990,100000991,100000992,100000993,100000994,100000995,100000996,100000997,100000998,100000999,100001000,100001001,100001002,100001003,100001004,100001005
26:05:2014_17:29:18.2500000PM #100000991,100000992,100000993,100000994,100000995,100000996,100000997,100000998,100000999,100001000,100001001,100001002,100001003,100001004,100001005
26:05:2014_17:30:02.7343750PM #100000992,100000993,100000994,100000995,100000996,100000997,100000998,100000999,100001000,100001001,100001002,100001003,100001004,100001005
26:05:2014_17:30:28.2187500PM #100000992,100000993,100000994,100000995,100000996,100000997,100000998,100000999,100001000,100001001,100001002,100001003,100001004,100001005
26:05:2014_17:30:43.2343750PM #100000993,100000994,100000995,100000996,100000997,100000998,100000999,100001000,100001001,100001002,100001003,100001004,100001005
26:05:2014_17:30:52.8125000PM #100000993,100000994,100000995,100000996,100000997,100000998,100000999,100001000,100001001,100001002,100001003,100001004,100001005
26:05:2014_17:31:08.6562500PM #100000994,100000995,100000996,100000997,100000998,100000999,100001000,100001001,100001002,100001003,100001004,100001005
26:05:2014_17:31:20.1875000PM #100000994,100000995,100000996,100000997,100000998,100000999,100001000,100001001,100001002,100001003,100001004,100001005
26:05:2014_17:31:32.2656250PM #100000994,100000995,100000996,100000997,100000998,100000999,100001000,100001001,100001002,100001003,100001004,100001005
26:05:2014_17:32:06.5937500PM #100000994,100000995,100000996,100000997,100000998,100000999,100001000,100001001,100001002,100001003,100001004,100001005
26:05:2014_17:33:29.9843750PM #100000994,100000995,100000996,100000997,100000998,100000999,100001000,100001001,100001002,100001003,100001004,100001005
26:05:2014_17:33:35.7500000PM #100000994,100000995,100000996,100000997,100000998,100000999,100001000,100001001,100001002,100001003,100001004,100001005
26:05:2014_17:33:41.1875000PM #100000994,100000995,100000996,100000997,100000998,100000999,100001000,100001001,100001002,100001003,100001004,100001005
26:05:2014_17:33:51.5468750PM #100000995,100000996,100000997,100000998,100000999,100001000,100001001,100001002,100001003,100001004,100001005
26:05:2014_17:34:02.9531250PM #100000995,100000996,100000997,100000998,100000999,100001000,100001001,100001002,100001003,100001004,100001005
26:05:2014_19:40:38.1406250PM #100000995,100000996,100000997,100000998,100000999,100001000,100001001,100001002,100001003,100001004,100001005
26:05:2014_19:41:31.5937500PM #100000995,100000996,100000997,100000998,100000999,100001000,100001001,100001002,100001003,100001004,100001005
26:05:2014_19:50:19.7812500PM #100000995,100000996,100000997,100000998,100000999,100001000,100001001,100001002,100001003,100001004,100001005
26:05:2014_19:51:18.9531250PM #100000995,100000996,100000997,100000998,100000999,100001000,100001001,100001002,100001003,100001004,100001005
26:05:2014_19:51:55.6718750PM #100000995,100000996,100000997,100000998,100000999,100001000,100001001,100001002,100001003,100001004,100001005
26:05:2014_19:52:23.1562500PM #100000995,100000996,100000997,100000998,100000999,100001000,100001001,100001002,100001003,100001004,100001005
28:05:2014_10:51:39.8588996AM #100000995,100000996,100000997,100000998,100000999,100001000,100001001,100001002,100001003,100001004,100001005,100000993
28:05:2014_10:53:47.8588996AM #100000993
28:05:2014_10:54:01.0932746AM #100000993
28:05:2014_11:33:47.2807746AM #100000993
28:05:2014_14:07:14.1870246PM #100000989,100000990,100000993,100000994,100000996,100000998,100000999,100001002,100001005,100001000,100001004
28:05:2014_14:07:44.3120246PM #100000989,100000990,100000993,100000994,100000996,100000998,100000999,100001002,100001005,100001000,100001004
28:05:2014_14:22:16.9370246PM #100001007,100001008,100001009,100001010
28:05:2014_14:36:49.5776496PM #100001007,100001008,100001009,100001010
28:05:2014_14:42:01.8901496PM #100001007,100001008,100001009,100001010
28:05:2014_14:50:52.5151496PM #100001007
28:05:2014_14:51:23.7963996PM #100001007,100001008
28:05:2014_14:51:43.3745246PM #100001007,100001008,100001009
28:05:2014_14:51:56.9213996PM #,100001010
28:05:2014_14:52:12.3276496PM #100001010
28:05:2014_14:57:28.1870246PM #100001010
28:05:2014_14:59:27.8120246PM #100001010,100001007,100001008,100001009
28:05:2014_15:02:06.0307746PM #100001010,100001007,100001008,100001009
28:05:2014_15:16:10.8276496PM #100001007,100001008,100001009,100001010,100001011
28:05:2014_15:17:24.4838996PM #100001007,100001008,100001009,100001010,100001011
28:05:2014_15:23:04.9213996PM #100001007,100001008,100001009,100001010,100001011
28:05:2014_07:46:57.2812500AM #100001007,100001008,100001009,100001010,100001011,100001012
28:05:2014_07:47:30.0937500AM #100001007,100001008,100001009,100001010,100001011,100001012
28:05:2014_07:58:58.2343750AM #0
28:05:2014_08:22:39.3750000AM #0
28:05:2014_08:22:45.4218750AM #0
28:05:2014_08:22:47.8437500AM #0
28:05:2014_08:22:50.5312500AM #0
28:05:2014_08:23:26.2500000AM #100001007
28:05:2014_08:23:52.9218750AM #100001007,100001008
28:05:2014_08:24:56.9531250AM #100001007,100001008
28:05:2014_08:25:19.3906250AM #100001007,100001008,100001009
28:05:2014_08:25:32.5312500AM #100001007,100001008,100001009
28:05:2014_08:25:50.8125000AM #100001007,100001008,100001009,100001010
28:05:2014_08:25:59.6718750AM #100001007,100001008,100001009,100001010
28:05:2014_08:26:20.5937500AM #100001007,100001008,100001009,100001010,100001011
28:05:2014_08:26:26.7031250AM #100001007,100001008,100001009,100001010,100001011
28:05:2014_08:26:47.1875000AM #100001007,100001008,100001009,100001010,100001011,100001012
28:05:2014_08:26:54.3437500AM #100001007,100001008,100001009,100001010,100001011,100001012
28:05:2014_08:27:08.4375000AM #100001007,100001008,100001009,100001010,100001011,100001012,100001013
28:05:2014_08:27:17.7812500AM #100001007,100001008,100001009,100001010,100001011,100001012,100001013
28:05:2014_08:55:41.4687500AM #100001007,100001008,100001009,100001010,100001011,100001012,100001013,100000993
28:05:2014_09:00:14.3125000AM #100001007,100001008,100001009,100001010,100001011,100001012,100001013
29:05:2014_11:14:28.5781250AM #100001021,100001022,100001023
29:05:2014_11:14:45.2031250AM #100001021
29:05:2014_11:15:44.4375000AM #100001021
29:05:2014_11:16:32.2656250AM #100001021
29:05:2014_12:11:35.8906250PM #100001021
29:05:2014_12:16:40.5156250PM #100001021
29:05:2014_12:20:19.0156250PM #100001021
29:05:2014_12:23:20.3437500PM #100001021
29:05:2014_12:28:05.5781250PM #100001021,100001022
29:05:2014_12:32:05.9687500PM #100001021,100001022
29:05:2014_12:40:31.6093750PM #100001021,100001022
29:05:2014_12:41:51.6562500PM #100001021,100001022
29:05:2014_12:42:12.1562500PM #100001021,100001022
29:05:2014_12:47:27.2031250PM #100001021
29:05:2014_12:52:23.1562500PM #100001021
29:05:2014_12:52:41.6250000PM #100001021,100001022
29:05:2014_12:53:57.5468750PM #100001021,100001022
29:05:2014_13:18:55.2500000PM #100001021,100001022
29:05:2014_13:20:55.6562500PM #100001021,100001022
29:05:2014_13:22:22.4843750PM #100001021,100001022
29:05:2014_13:28:32.7500000PM #100001021,100001022
29:05:2014_13:31:48.7968750PM #100001021,100001022
29:05:2014_13:34:33.6093750PM #100001021,100001022
29:05:2014_14:01:37.4375000PM #100001021,100001022
29:05:2014_14:03:07.1875000PM #100001021,100001022
29:05:2014_14:23:55.6406250PM #100001021,100001022
29:05:2014_14:24:14.2968750PM #100001021,100001022
29:05:2014_14:28:47.8593750PM #100001021,100001022
29:05:2014_14:30:34.1875000PM #100001021,100001022
29:05:2014_14:31:00.7031250PM #100001021
29:05:2014_14:31:40.3750000PM #100001021,100001022
29:05:2014_14:44:13.3750000PM #100001021,100001022,100001007,100001008,100001009,100001010,100001011,100001012,100001013,100001014,100001015,100001016,100001017,100001018,100001019,100001020,100001023
29:05:2014_14:58:49.9531250PM #100001021,100001022,100001007,100001008,100001009,100001010,100001011,100001012,100001013,100001014,100001015,100001016,100001017,100001018,100001019,100001020,100001023
29:05:2014_15:11:22.3750000PM #100001007,100001021
29:05:2014_15:11:33.1406250PM #100001007,100001021
29:05:2014_15:39:26.2968750PM #100001007,100001021
29:05:2014_15:39:37.3125000PM #100001007,100001021
29:05:2014_15:39:51.1562500PM #100001007,100001021
29:05:2014_15:39:58.1562500PM #100001007,100001021
29:05:2014_15:40:09.0156250PM #100001007,100001021
29:05:2014_15:40:33.6093750PM #100001007,100001021
29:05:2014_16:21:00.9531250PM #100001007,100001021
29:05:2014_16:28:14.5312500PM #100001007,100001021
29:05:2014_16:42:08.7500000PM #100001007,100001021,100001008,100001009,100001010,100001011,100001012,100001013,100001014,100001015,100001016,100001017,100001018,100001019,100001020,100001022,100001023
29:05:2014_17:08:20.2343750PM #100001007,100001021,100001008,100001009,100001010,100001011,100001012,100001013,100001014,100001015,100001016,100001017,100001018,100001019,100001020,100001022,100001023,100001027
29:05:2014_17:16:00.9687500PM #100001007,100001021,100001008,100001009,100001010,100001011,100001012,100001013,100001014,100001015,100001016,100001017,100001018,100001019,100001020,100001022,100001023
29:05:2014_17:16:20.3437500PM #100001007,100001021,100001008,100001009,100001010,100001011,100001012,100001013,100001014,100001015,100001016,100001017,100001018,100001019,100001020,100001022,100001023,100001027
29:05:2014_17:18:04.4843750PM #100001007,100001021,100001008,100001009,100001010,100001011,100001012,100001013,100001014,100001015,100001016,100001017,100001018,100001019,100001020,100001022,100001023
29:05:2014_17:18:20.1562500PM #100001007,100001021,100001008,100001009,100001010,100001011,100001012,100001013,100001014,100001015,100001016,100001017,100001018,100001019,100001020,100001022,100001023,100001027
29:05:2014_17:21:02.8906250PM #100001007,100001021,100001008,100001009,100001010,100001011,100001012,100001013,100001014,100001015,100001016,100001017,100001018,100001019,100001020,100001022,100001023,100001027
29:05:2014_17:23:51.1718750PM #100001007,100001021,100001008,100001009,100001010,100001011,100001012,100001013,100001014,100001015,100001016,100001017,100001018,100001019,100001020,100001022,100001023,100001027
29:05:2014_17:36:41.1250000PM #100001007,100001021,100001008,100001009,100001010,100001011,100001012,100001013,100001014,100001015,100001016,100001017,100001018,100001019,100001020,100001022,100001023,100001027
29:05:2014_18:44:18.0312500PM #100001007,100001021,100001008,100001009,100001010,100001011,100001012,100001013,100001014,100001015,100001016,100001017,100001018,100001019,100001020,100001022,100001023,100001027
29:05:2014_18:45:31.3437500PM #100001007,100001015,100001027
29:05:2014_18:45:47.7656250PM #100001007,100001015,100001027
29:05:2014_19:11:14.0625000PM #100001007,100001015,100001027,100001008,100001009,100001010,100001011,100001012,100001013,100001014,100001016,100001017,100001018,100001019,100001020,100001021,100001022,100001023,100001024,100001025,100001026,100001028,100001029,100001030
29:05:2014_19:16:53.6875000PM #100001007, 100001015, 100001025, 100001027
29:05:2014_19:53:24.5312500PM #100001007, 100001015, 100001025, 100001027
29:05:2014_20:08:02.3281250PM #100001007,100001008,100001009,100001010,100001011,100001012,100001013,100001014,100001015,100001016,100001017,100001018,100001019,100001020,100001021,100001022,100001023,100001024,100001025,100001026,100001027,100001028,100001029,100001030
30:05:2014_11:12:47.5468750AM #100001007,100001008,100001009,100001010,100001011,100001012,100001013,100001014,100001015,100001016,100001017,100001018,100001019,100001020,100001021,100001022,100001023,100001024,100001025,100001026,100001027,100001028,100001029,100001030
30:05:2014_11:13:22.5312500AM #100001007,100001008,100001009,100001010,100001011,100001012,100001013,100001014,100001015,100001016,100001017,100001018,100001019,100001020,100001021,100001022,100001023,100001024,100001025,100001026,100001027,100001028,100001029,100001030
30:05:2014_11:14:54.3906250AM #100001007,100001008,100001009,100001010,100001011,100001012,100001013,100001014,100001015,100001016,100001017,100001018,100001019,100001020,100001021,100001022,100001023,100001024,100001025,100001026,100001027,100001028,100001029,100001030
30:05:2014_11:19:45.3906250AM #100001007,100001008,100001009,100001010,100001011,100001012,100001013,100001014,100001015,100001016,100001017,100001018,100001019,100001020,100001021,100001022,100001023,100001024,100001025,100001026,100001027,100001028,100001029,100001030
30:05:2014_11:29:09.9375000AM #100001007,100001008,100001009,100001010,100001011,100001012,100001013,100001014,100001015,100001016,100001017,100001018,100001019,100001020,100001021,100001022,100001023,100001024,100001025,100001026,100001027,100001028,100001029,100001030
30:05:2014_11:50:13.4218750AM #100001007,100001008,100001009,100001010,100001011,100001012,100001013,100001014,100001015,100001016,100001017,100001018,100001019,100001020,100001021,100001022,100001023,100001024,100001025,100001026,100001027,100001028,100001029,100001030
30:05:2014_11:50:42.7500000AM #100001007,100001008,100001009,100001010,100001011,100001012,100001013,100001014,100001015,100001016,100001017,100001018,100001019,100001020,100001021,100001022,100001023,100001024,100001025,100001026,100001027,100001028,100001029,100001030
30:05:2014_11:51:04.9218750AM #100001007,100001008,100001009,100001010,100001011,100001012,100001013,100001014,100001015,100001016,100001017,100001018,100001019,100001020,100001021,100001022,100001023,100001024,100001025,100001026,100001027,100001028,100001029,100001030
30:05:2014_11:52:12.5000000AM #100001007,100001008,100001009,100001010,100001011,100001012,100001013,100001014,100001015,100001016,100001017,100001018,100001019,100001020,100001021,100001022,100001023,100001024,100001025,100001026,100001027,100001028,100001029,100001030
30:05:2014_11:54:40.7187500AM #100001007,100001008,100001009,100001010,100001011,100001012,100001013,100001014,100001015,100001016,100001017,100001018,100001019,100001020,100001021,100001022,100001023,100001024,100001025,100001026,100001027,100001028,100001029,100001030
30:05:2014_14:22:57.2031250PM #100001007,100001008,100001009,100001010,100001011,100001012,100001013,100001014,100001015,100001016,100001017,100001018,100001019,100001020,100001021,100001022,100001023,100001024,100001025,100001026,100001027,100001028,100001029,100001030
30:05:2014_14:27:39.4218750PM #100001007,100001008,100001009,100001010,100001011,100001012,100001013,100001014,100001015,100001016,100001017,100001018,100001019,100001020,100001021,100001022,100001023,100001024,100001025,100001026,100001027,100001028,100001029,100001030
30:05:2014_14:30:47.4531250PM #100001007,100001008,100001009,100001010,100001011,100001012,100001013,100001014,100001015,100001016,100001017,100001018,100001019,100001020,100001021,100001022,100001023,100001024,100001025,100001026,100001027,100001028,100001029,100001030
30:05:2014_14:33:59.9218750PM #100001007,100001008,100001009,100001010,100001011,100001012,100001013,100001014,100001015,100001016,100001017,100001018,100001019,100001020,100001021,100001022,100001023,100001024,100001025,100001026,100001027,100001028,100001029,100001030
30:05:2014_14:35:41.8750000PM #100001007,100001008,100001009,100001010,100001011,100001012,100001013,100001014,100001015,100001016,100001017,100001018,100001019,100001020,100001021,100001022,100001023,100001024,100001025,100001026,100001027,100001028,100001029,100001030
30:05:2014_14:38:12.7031250PM #100001007,100001008,100001009,100001010,100001011,100001012,100001013,100001014,100001015,100001016,100001017,100001018,100001019,100001020,100001021,100001022,100001023,100001024,100001025,100001026,100001027,100001028,100001029,100001030
30:05:2014_14:40:44.9531250PM #100001007,100001008,100001009,100001010,100001011,100001012,100001013,100001014,100001015,100001016,100001017,100001018,100001019,100001020,100001021,100001022,100001023,100001024,100001025,100001026,100001027,100001028,100001029,100001030
30:05:2014_14:45:18.9531250PM #100001007,100001008,100001009,100001010,100001011,100001012,100001013,100001014,100001015,100001016,100001017,100001018,100001019,100001020,100001021,100001022,100001023,100001024,100001025,100001026,100001027,100001028,100001029,100001030
30:05:2014_14:45:43.3906250PM #100001007,100001008,100001009,100001010,100001011,100001012,100001013,100001014,100001015,100001016,100001017,100001018,100001019,100001020,100001021,100001022,100001023,100001024,100001025,100001026,100001027,100001028,100001029,100001030
30:05:2014_14:58:45.4062500PM #100001007,100001008,100001009,100001010,100001011,100001012,100001013,100001014,100001015,100001016,100001017,100001018,100001019,100001020,100001021,100001022,100001023,100001024,100001025,100001026,100001027,100001028,100001029,100001030
30:05:2014_14:59:33.1093750PM #100001007,100001008,100001009,100001010,100001011,100001012,100001013,100001014,100001015,100001016,100001017,100001018,100001019,100001020,100001021,100001022,100001023,100001024,100001025,100001026,100001027,100001028,100001029,100001030
30:05:2014_15:00:04.2812500PM #100001007,100001008,100001009,100001010,100001011,100001012,100001013,100001014,100001015,100001016,100001017,100001018,100001019,100001020,100001021,100001022,100001023,100001024,100001025,100001026,100001027,100001028,100001029,100001030
30:05:2014_15:00:24.2968750PM #100001007,100001008,100001009,100001010,100001011,100001012,100001013,100001014,100001015,100001016,100001017,100001018,100001019,100001020,100001021,100001022,100001023,100001024,100001025,100001026,100001027,100001028,100001029,100001030
30:05:2014_15:14:18.9531250PM #100001007,100001008,100001009,100001010,100001011,100001012,100001013,100001014,100001015,100001016,100001017,100001018,100001019,100001020,100001021,100001022,100001023,100001024,100001025,100001026,100001027,100001028,100001029,100001030
30:05:2014_15:28:51.1718750PM #100001007,100001008,100001009,100001010,100001011,100001012,100001013,100001014,100001015,100001016,100001017,100001018,100001019,100001020,100001021,100001022,100001023,100001024,100001025,100001026,100001027,100001028,100001029,100001030
30:05:2014_15:42:23.4531250PM #100001007,100001008,100001009,100001010,100001011,100001012,100001013,100001014,100001015,100001016,100001017,100001018,100001019,100001020,100001021,100001022,100001023,100001024,100001025,100001026,100001027,100001028,100001029,100001030
30:05:2014_15:42:53.7187500PM #100001007,100001008,100001009,100001010,100001011,100001012,100001013,100001014,100001015,100001016,100001017,100001018,100001019,100001020,100001021,100001022,100001023,100001024,100001025,100001026,100001027,100001028,100001029,100001030
30:05:2014_15:43:23.4843750PM #100001007,100001008,100001009,100001010,100001011,100001012,100001013,100001014,100001015,100001016,100001017,100001018,100001019,100001020,100001021,100001022,100001023,100001024,100001025,100001026,100001027,100001028,100001029,100001030
30:05:2014_15:43:37.9218750PM #100001007,100001008,100001009,100001010,100001011,100001012,100001013,100001014,100001015,100001016,100001017,100001018,100001019,100001020,100001021,100001022,100001023,100001024,100001025,100001026,100001027,100001028,100001029,100001030
30:05:2014_15:47:45.1093750PM #100001007,100001008,100001009,100001010,100001011,100001012,100001013,100001014,100001015,100001016,100001017,100001018,100001019,100001020,100001021,100001022,100001023,100001024,100001025,100001026,100001027,100001028,100001029,100001030
30:05:2014_15:48:05.8281250PM #100001007,100001008,100001009,100001010,100001011,100001012,100001013,100001014,100001015,100001016,100001017,100001018,100001019,100001020,100001021,100001022,100001023,100001024,100001025,100001026,100001027,100001028,100001029,100001030
30:05:2014_15:48:23.8593750PM #100001007,100001008,100001009,100001010,100001011,100001012,100001013,100001014,100001015,100001016,100001017,100001018,100001019,100001020,100001021,100001022,100001023,100001024,100001025,100001026,100001027,100001028,100001029,100001030
30:05:2014_15:49:49.4687500PM #100001007,100001008,100001009,100001010,100001011,100001012,100001013,100001014,100001015,100001016,100001017,100001018,100001019,100001020,100001021,100001022,100001023,100001024,100001025,100001026,100001027,100001028,100001029,100001030
05:06:2014_17:46:20.1718750PM #100001060,100001061,100001062
07:06:2014_16:11:23.7968750PM #100001060,100001061,100001062,100000969,100000970,100000971,100000972,100000973
07:06:2014_16:57:23.3750000PM #100001060,100001061,100001062,100000971,100000972
08:06:2014_14:48:22.3906250PM #100000971,100000972
08:06:2014_15:44:35.1562500PM #100000971,100000972
10:06:2014_15:48:57.5000000PM #100000971,100000972
10:06:2014_15:49:15.8125000PM #100000971,100000972
10:06:2014_15:50:13.6250000PM #100000971,100000972,100000970
10:06:2014_16:52:13.1250000PM #100000971,100000972,100000970
10:06:2014_16:53:13.0312500PM #100000971,100000972,100000970
10:06:2014_16:55:25.9375000PM #100000971,100000972,100000970
10:06:2014_16:56:27.1562500PM #100000971,100000972,100000970
10:06:2014_16:57:28.2343750PM #100000971,100000972
10:06:2014_16:59:32.6250000PM #100000971,100000972
10:06:2014_17:01:45.9531250PM #100000971,100000972
10:06:2014_17:01:46PM #100000971,100000972
10:06:2014_17:47:20.4375000PM #100000971,100000972
10:06:2014_17:49:34.2031250PM #100000971,100000972,100000973
10:06:2014_18:41:14.1562500PM #100000971,100000972,100000973
10:06:2014_18:42:15.4218750PM #100000971,100000972,100000973
10:06:2014_18:51:53.2343750PM #100000971,100000972,100000973
10:06:2014_18:55:00.4062500PM #100000971,100000972,100000973
10:06:2014_18:58:15.8437500PM #100000971,100000972,100000973
10:06:2014_18:58:28.7031250PM #100000971,100000972,100000973
10:06:2014_19:00:57.5312500PM #100000971,100000972
10:06:2014_19:03:17.0937500PM #100000971,100000972
10:06:2014_19:06:36.4843750PM #100000971,100000972
10:06:2014_19:07:51.2968750PM #100000971,100000972
10:06:2014_19:09:03.6250000PM #100000971,100000972
10:06:2014_19:18:36.2187500PM #100000971,100000972,100000973
10:06:2014_19:18:54.7656250PM #100000971,100000972,100000973
10:06:2014_19:19:19.4062500PM #100000971,100000972,100000973
10:06:2014_19:20:45.5000000PM #100000971,100000972
10:06:2014_19:21:52.2031250PM #100000971,100000972,100000973
10:06:2014_19:22:08PM #100000971,100000972
12:06:2014_11:58:36.6250000AM #100000971,100000972
12:06:2014_11:58:41.3125000AM #100000971,100000972
12:06:2014_12:02:14.1250000PM #100000971,100000972
12:06:2014_12:02:21.6406250PM #100000971,100000972
12:06:2014_12:02:24.2187500PM #100000971,100000972
12:06:2014_12:02:28.7812500PM #100000971,100000972
12:06:2014_12:02:31.3125000PM #100000971,100000972
12:06:2014_12:04:23.5781250PM #100000971,100000972
12:06:2014_12:04:25.6406250PM #100000971,100000972
12:06:2014_12:04:29.4531250PM #100000971,100000972
12:06:2014_12:04:32.0156250PM #100000971,100000972
15:06:2014_11:08:17.3593750AM #0
15:06:2014_11:09:14.8281250AM #100001115,100001116,100001117,100001118,100001119,100001120,100001121,100001122,100001123,100001124,100001125,100001126,100001127,100001128,100001129
15:06:2014_11:09:22.9375000AM #100001115,100001116,100001117,100001118,100001119,100001120,100001121,100001122,100001123,100001124,100001125,100001126,100001127,100001128,100001129
18:06:2014_15:15:30.3373329PM #100001131,100001132
18:06:2014_15:16:13.9154579PM #100001131,100001132
18:06:2014_15:18:17.3529579PM #100001131,100001132
18:06:2014_15:33:18.7279579PM #100001131,100001132,100001133,100001134,100001135,100001136,100001137,100001138,100001139
19:06:2014_14:35:35.7500000PM #100001131,100001132,100001133,100001134,100001135,100001136,100001137,100001138,100001139,100001140,100001143,100001144
19:06:2014_14:37:25.7656250PM #100001131,100001132,100001133,100001134,100001135,100001136,100001137,100001138,100001139,100001140,100001143,100001144
19:06:2014_14:38:09.2187500PM #100001131,100001132,100001133,100001134,100001135,100001136,100001137,100001138,100001139,100001140,100001143,100001144
20:06:2014_13:42:39.9687500PM #100001131,100001132,100001133,100001134,100001135,100001136,100001137,100001138,100001139,100001140,100001143,100001144
20:06:2014_13:44:38.1406250PM #100001131,100001132,100001133,100001134,100001135,100001136,100001137,100001138,100001139,100001140,100001143,100001144
20:06:2014_14:27:38.1250000PM #100001131,100001132,100001133,100001134,100001135,100001136,100001137,100001138,100001139,100001140,100001143,100001144
20:06:2014_14:31:47.6875000PM #100001131,100001132,100001133,100001134,100001135,100001136,100001137,100001138,100001139,100001140,100001143,100001144
20:06:2014_14:44:16.9218750PM #100001131,100001132,100001133,100001134,100001135,100001136,100001137,100001138,100001139,100001140,100001143,100001144
20:06:2014_14:57:26.2187500PM #100001131,100001132,100001133,100001134,100001135,100001136,100001137,100001138,100001139,100001140,100001143,100001144
20:06:2014_15:09:51.9375000PM #100001131,100001132,100001133,100001134,100001135,100001136,100001137,100001138,100001139,100001140,100001143,100001144
20:06:2014_15:15:16.1250000PM #100001131,100001132,100001133,100001134,100001135,100001136,100001137,100001138,100001139,100001140,100001143,100001144
20:06:2014_15:43:35.6406250PM #100001131,100001132,100001133,100001134,100001135,100001136,100001137,100001138,100001139,100001140,100001143,100001144
20:06:2014_15:47:45.9062500PM #100001131,100001132,100001133,100001134,100001135,100001136,100001137,100001138,100001139,100001140,100001143,100001144
20:06:2014_15:52:44.4062500PM #100001131,100001132,100001133,100001134,100001135,100001136,100001137,100001138,100001139,100001140,100001143,100001144
20:06:2014_16:47:54.2656250PM #0
20:06:2014_16:49:14.3906250PM #100001146,100001147,100001148,100001149,100001150,100001151
25:06:2014_18:48:39.9621934PM #100001116
02:07:2014_13:06:43.0204266PM #100001116
02:07:2014_13:25:55.7704266PM #100001116
02:07:2014_13:25:59.2704266PM #100001116
02:07:2014_13:26:04.5360516PM #100001116
20:08:2014_11:35:32.8507292AM #100001526,100001527
20:08:2014_11:37:10.2726042AM #100001526,100001527
20:08:2014_11:37:15.1632292AM #100001526,100001527
20:08:2014_11:43:38.8351042AM #100001526,100001527
20:08:2014_11:44:11.2257292AM #100001526,100001527
20:08:2014_11:45:11.6476042AM #100001526,100001527
20:08:2014_11:48:15.6944792AM #100001526,100001527
20:08:2014_11:52:56.0069792AM #100001526,100001527
20:08:2014_11:58:55.9601042AM #100001526,100001527,100001528
20:08:2014_12:35:24.5694792PM #100001526,100001527,100001528
20:08:2014_12:41:07.0538542PM #100001526,100001527,100001528,100001525
20:08:2014_12:43:08.9601042PM #100001526,100001527,100001528,100001525
20:08:2014_12:45:32.7101042PM #100001526,100001527,100001528,100001525
20:08:2014_13:23:48.6163542PM #100001526,100001527,100001528,100001525
20:08:2014_13:24:50.1163542PM #100001526,100001527,100001528,100001525
20:08:2014_19:22:09.3819792PM #100001526,100001527,100001528,100001525
20:08:2014_19:29:56.5538542PM #100001526,100001527,100001528,100001525
20:08:2014_19:35:48.1788542PM #100001530
20:08:2014_19:36:05.0538542PM #100001530
20:08:2014_19:44:36.9132292PM #100001530
20:08:2014_20:07:55.4601042PM #100001530
20:08:2014_20:08:27.9288542PM #100001530,100001524,100001525,100001526,100001528,100001529,100001532,100001531,100001533,100001534
20:08:2014_20:08:46.4132292PM #100001524,100001525,100001526,100001528,100001529,100001532,100001531,100001533,100001534
21:08:2014_11:24:07.1875000AM #100001530
22:08:2014_11:26:49.2656250AM #100001524,100001525,100001526,100001528,100001529,100001532,100001533,100001534,100001535,100001536
22:08:2014_11:28:51.6875000AM #100001524,100001525,100001526,100001528,100001529,100001532,100001533,100001534,100001535,100001536
22:08:2014_12:37:25.7187500PM #100001524,100001525,100001526,100001528,100001529,100001532,100001533,100001534,100001535,100001536
22:08:2014_12:40:09.5781250PM #100001524,100001525,100001526,100001528,100001529,100001532,100001533,100001534,100001535,100001536
22:08:2014_14:41:55.2500000PM #100001524,100001525,100001526,100001528,100001529,100001532,100001533,100001534,100001535,100001536
22:08:2014_14:49:10.5156250PM #100001524,100001525,100001526,100001528,100001529,100001532,100001533,100001534,100001535,100001536
22:08:2014_14:53:20.3593750PM #100001524,100001525,100001526,100001528,100001529,100001532,100001533,100001534,100001535,100001536
22:08:2014_14:57:31PM #100001524,100001525,100001526,100001528,100001529,100001532,100001533,100001534,100001535,100001536
22:08:2014_15:06:53.1875000PM #100001524,100001525,100001526,100001528,100001529,100001532,100001533,100001534,100001535,100001536
22:08:2014_15:31:08.4843750PM #100001524,100001525,100001526,100001528,100001529,100001532,100001533,100001534,100001535,100001536
22:08:2014_16:02:52.1562500PM #100001528
22:08:2014_16:03:01.7656250PM #100001528
22:08:2014_16:06:51.3281250PM #100001536
22:08:2014_16:07:07.1718750PM #100001536
22:08:2014_16:08:16.3750000PM #100001531
22:08:2014_16:08:56.4375000PM #100001530
22:08:2014_18:17:38.8593750PM #100001530
22:08:2014_18:21:29.4531250PM #100001530
22:08:2014_18:22:01.9218750PM #100001530
22:08:2014_18:25:00.5781250PM #100001524,100001525,100001526,100001528,100001529,100001532,100001533,100001534,100001535,100001536
22:08:2014_18:35:09.6718750PM #100001524,100001525,100001526,100001528,100001529,100001532,100001533,100001534,100001535,100001536
22:08:2014_18:49:46.5781250PM #100001524,100001525,100001526,100001528,100001529,100001532,100001533,100001534,100001535,100001536
22:08:2014_18:54:29.5156250PM #100001524,100001525,100001526,100001528,100001529,100001532,100001533,100001534,100001535,100001536
22:08:2014_19:06:32.1875000PM #100001524,100001525,100001526,100001528,100001529,100001532,100001533,100001534,100001535,100001536
22:08:2014_21:21:22.6093750PM #100001530
22:08:2014_21:24:33.7656250PM #100001530,100001524,100001525,100001526
22:08:2014_21:25:17.7343750PM #100001524,100001525,100001526,100001528
25:08:2014_12:12:17.1250000PM #100001543,100001542,100001540
25:08:2014_12:27:12.2500000PM #100001543,100001542,100001540
25:08:2014_12:36:50.3437500PM #100001543,100001542,100001540
25:08:2014_12:38:38.0937500PM #100001543,100001542,100001540,100001544,100001545,100001546,100001547,100001548,100001549,100001550,100001551,100001552,100001553,100001554,100001555,100001556
25:08:2014_12:39:21.2187500PM #100001523,100001524,100001525,100001526,100001527,100001528,100001529,100001530,100001531,100001532,100001533,100001534,100001535,100001536,100001537,100001538
25:08:2014_12:40:01.7500000PM #100001532,100001538
25:08:2014_13:19:38.8593750PM #100001532,100001538,100001543,100001542,100001540
25:08:2014_13:22:50.4062500PM #100001532,100001538,100001543,100001542,100001540
25:08:2014_13:35:44.3593750PM #100001532,100001538,100001543,100001542,100001540
25:08:2014_13:36:28.0625000PM #100001532,100001538,100001543,100001542,100001540
25:08:2014_13:36:32.9375000PM #100001532,100001538,100001543,100001542,100001540
25:08:2014_13:37:09.9531250PM #100001532,100001538,100001543,100001542,100001540
25:08:2014_13:41:36.7500000PM #100001532,100001538,100001543,100001542,100001540
25:08:2014_13:48:23.4687500PM #100001530,100001532,100001538,100001543,100001542,100001540
26:08:2014_12:01:37.8750000PM #100001530,100001532,100001538,100001543,100001542,100001540
26:08:2014_12:07:51.6406250PM #100001530,100001532,100001538,100001543,100001542,100001540
26:08:2014_12:07:57.7656250PM #100001530,100001532,100001538,100001543,100001542,100001540
28:08:2014_15:23:14.6562500PM #100001585,100001586,100001587,100001584,100001581,100001578,100001577,100001573,100001591,100001588,100001592,100001593,100001594,100001595,100001596,100001597,100001589,100001590,100001598,100001599,100001600,100001601,100001603
28:08:2014_15:27:05.5312500PM #100001585,100001586,100001587,100001584,100001581,100001578,100001577,100001573,100001591,100001588,100001592,100001593,100001594,100001595,100001596,100001597,100001589,100001590,100001598,100001599,100001600,100001601,100001603
28:08:2014_15:31:31.7500000PM #100001585,100001586,100001587,100001584,100001581,100001578,100001577,100001573,100001591,100001588,100001592,100001593,100001594,100001595,100001596,100001597,100001589,100001590,100001598,100001599,100001600,100001601,100001603
28:08:2014_15:42:50.7031250PM #100001585,100001586,100001587,100001584,100001581,100001578,100001577,100001573,100001591,100001588,100001592,100001593,100001594,100001595,100001596,100001597,100001589,100001590,100001598,100001599,100001600,100001601,100001603
28:08:2014_15:55:56.6250000PM #100001585,100001586,100001587,100001584,100001581,100001578,100001577,100001573,100001591,100001588,100001592,100001593,100001594,100001595,100001596,100001597,100001589,100001590,100001598,100001599,100001600,100001601,100001603
28:08:2014_15:56:35.4687500PM #100001585,100001586,100001587,100001584,100001581,100001578,100001577,100001573,100001591,100001588,100001592,100001593,100001594,100001595,100001596,100001597,100001589,100001590,100001598,100001599,100001600,100001601,100001603
28:08:2014_15:57:40.1406250PM #100001585,100001586,100001587,100001584,100001581,100001578,100001577,100001573,100001591,100001588,100001592,100001593,100001594,100001595,100001596,100001597,100001589,100001590,100001598,100001599,100001600,100001601,100001603
28:08:2014_16:07:36.2656250PM #100001585,100001586,100001587,100001584,100001581,100001578,100001577,100001573,100001591,100001588,100001592,100001593,100001594,100001595,100001596,100001597,100001589,100001590,100001598,100001599,100001600,100001601,100001603
28:08:2014_16:27:15.1718750PM #100001585,100001586,100001587,100001584,100001581,100001578,100001577,100001573,100001591,100001588,100001592,100001593,100001594,100001595,100001596,100001597,100001589,100001590,100001598,100001599,100001600,100001601,100001603
02:09:2014_16:55:22.6718750PM #100001614,100001615,100001617,100001618,100001619,100001621,100001622,100001623,100001624,100001625,100001626,100001627,100001628,100001629,100001630,100001632,100001633,100001634,100001635,100001636,100001637,100001638
02:09:2014_16:55:46.1718750PM #100001614,100001615,100001617,100001618,100001619,100001621,100001622,100001623,100001624,100001625,100001626,100001627,100001628,100001629,100001630,100001632,100001633,100001634,100001635,100001636,100001637,100001638
04:09:2014_11:27:05.0468750AM #100001639,100001640,100001641,100001642,100001643,100001644,100001646,100001648,100001651,100001652,100001653,100001654,100001655,100001656,100001657,100001659,100001660,100001662,100001663,100001665,100001664,100001667,100001668,100001669,100001670
04:09:2014_11:27:49.6875000AM #100001639,100001640,100001641,100001642,100001643,100001644,100001646,100001648,100001651,100001652,100001653,100001654,100001655,100001656,100001657,100001659,100001660,100001662,100001663,100001665,100001664,100001667,100001668,100001669,100001670
04:09:2014_11:45:50.9843750AM #100001639,100001640,100001641,100001642,100001643,100001644,100001646,100001648,100001651,100001652,100001653,100001654,100001655,100001656,100001657,100001659,100001660,100001662,100001663,100001665,100001664,100001667,100001668,100001669,100001670
04:09:2014_12:21:58.1562500PM #100001639,100001640,100001641,100001642,100001643,100001644,100001646,100001648,100001651,100001652,100001653,100001654,100001655,100001656,100001657,100001659,100001660,100001662,100001663,100001665,100001664,100001667,100001668,100001669,100001670
04:09:2014_12:22:46.0468750PM #100001639,100001640,100001641,100001642,100001643,100001644,100001646,100001648,100001651,100001652,100001653,100001654,100001655,100001656,100001657,100001659,100001660,100001662,100001663,100001665,100001664,100001667,100001668,100001669,100001670
04:09:2014_12:32:26.3906250PM #100001639,100001640,100001641,100001642,100001643,100001644,100001646,100001648,100001651,100001652,100001653,100001654,100001655,100001656,100001657,100001659,100001660,100001662,100001663,100001665,100001664,100001667,100001668,100001669,100001670
04:09:2014_12:40:04.2500000PM #100001639,100001640,100001641,100001642,100001643,100001644,100001646,100001648,100001651,100001652,100001653,100001654,100001655,100001656,100001657,100001659,100001660,100001662,100001663,100001665,100001664,100001667,100001668,100001669,100001670
04:09:2014_15:38:20.8437500PM #100001639,100001640,100001641,100001642,100001643,100001644,100001646,100001648,100001651,100001652,100001653,100001654,100001655,100001656,100001657,100001659,100001660,100001662,100001663,100001665,100001664,100001667,100001668,100001669,100001670
04:09:2014_16:58:16.5000000PM #100001639,100001640,100001641,100001642,100001643,100001644,100001646,100001648,100001651,100001652,100001653,100001654,100001655,100001656,100001657,100001659,100001660,100001662,100001663,100001665,100001664,100001667,100001668,100001669,100001670
04:09:2014_16:58:58.8437500PM #100001639,100001640,100001641,100001642,100001643,100001644,100001646,100001648,100001651,100001652,100001653,100001654,100001655,100001656,100001657,100001659,100001660,100001662,100001663,100001665,100001664,100001667,100001668,100001669,100001670
04:09:2014_16:59:30.0781250PM #100001639,100001640,100001641,100001642,100001643,100001644,100001646,100001648,100001651,100001652,100001653,100001654,100001655,100001656,100001657,100001659,100001660,100001662,100001663,100001665,100001664,100001667,100001668,100001669,100001670
04:09:2014_17:12:07.5156250PM #100001639,100001640,100001641,100001642,100001643,100001644,100001646,100001648,100001651,100001652,100001653,100001654,100001655,100001656,100001657,100001659,100001660,100001662,100001663,100001665,100001664,100001667,100001668,100001669,100001670
04:09:2014_17:14:07.6406250PM #100001639,100001640,100001641,100001642,100001643,100001644,100001646,100001648,100001651,100001652,100001653,100001654,100001655,100001656,100001657,100001659,100001660,100001662,100001663,100001665,100001664,100001667,100001668,100001669,100001670
04:09:2014_17:14:24.0468750PM #100001639,100001640,100001641,100001642,100001643,100001644,100001646,100001648,100001651,100001652,100001653,100001654,100001655,100001656,100001657,100001659,100001660,100001662,100001663,100001665,100001664,100001667,100001668,100001669,100001670
04:09:2014_17:17:33.9375000PM #100001639,100001640,100001641,100001642,100001643,100001644,100001646,100001648,100001651,100001652,100001653,100001654,100001655,100001656,100001657,100001659,100001660,100001662,100001663,100001665,100001664,100001667,100001668,100001669,100001670
04:09:2014_17:57:52.1875000PM #100001639,100001640,100001641,100001642,100001643,100001644,100001646,100001648,100001651,100001652,100001653,100001654,100001655,100001656,100001657,100001659,100001660,100001662,100001663,100001665,100001664,100001667,100001668,100001669,100001670
04:09:2014_18:25:55.0937500PM #100001639,100001640,100001641,100001642,100001643,100001644,100001646,100001648,100001651,100001652,100001653,100001654,100001655,100001656,100001657,100001659,100001660,100001662,100001663,100001665,100001664,100001667,100001668,100001669,100001670
04:09:2014_18:54:36.9375000PM #100001639,100001640,100001641,100001642,100001643,100001644,100001646,100001648,100001651,100001652,100001653,100001654,100001655,100001656,100001657,100001659,100001660,100001662,100001663,100001665,100001664,100001667,100001668,100001669,100001670
04:09:2014_19:00:44.3906250PM #100001639,100001640,100001641,100001642,100001643,100001644,100001646,100001648,100001651,100001652,100001653,100001654,100001655,100001656,100001657,100001659,100001660,100001662,100001663,100001665,100001664,100001667,100001668,100001669,100001670
04:09:2014_19:06:30.7031250PM #100001639,100001640,100001641,100001642,100001643,100001644,100001646,100001648,100001651,100001652,100001653,100001654,100001655,100001656,100001657,100001659,100001660,100001662,100001663,100001665,100001664,100001667,100001668,100001669,100001670
04:09:2014_19:07:09.0468750PM #100001639,100001640,100001641,100001642,100001643,100001644,100001646,100001648,100001651,100001652,100001653,100001654,100001655,100001656,100001657,100001659,100001660,100001662,100001663,100001665,100001664,100001667,100001668,100001669,100001670
04:09:2014_19:09:56.8906250PM #100001639,100001640,100001641,100001642,100001643,100001644,100001646,100001648,100001651,100001652,100001653,100001654,100001655,100001656,100001657,100001659,100001660,100001662,100001663,100001665,100001664,100001667,100001668,100001669,100001670
04:09:2014_19:27:12.0937500PM #100001639,100001640,100001641,100001642,100001643,100001644,100001646,100001648,100001651,100001652,100001653,100001654,100001655,100001656,100001657,100001659,100001660,100001662,100001663,100001665,100001664,100001667,100001668,100001669,100001670
04:09:2014_19:39:46.0312500PM #100001639,100001640,100001641,100001642,100001643,100001644,100001646,100001648,100001651,100001652,100001653,100001654,100001655,100001656,100001657,100001659,100001660,100001662,100001663,100001665,100001664,100001667,100001668,100001669,100001670
04:09:2014_19:54:03.4687500PM #100001639,100001640,100001641,100001642,100001643,100001644,100001646,100001648,100001651,100001652,100001653,100001654,100001655,100001656,100001657,100001659,100001660,100001662,100001663,100001665,100001664,100001667,100001668,100001669,100001670
05:09:2014_11:39:48.9687500AM #100001639,100001640,100001641,100001642,100001643,100001644,100001646,100001648,100001651,100001652,100001653,100001654,100001655,100001656,100001657,100001659,100001660,100001662,100001663,100001665,100001664,100001667,100001668,100001669,100001670
05:09:2014_12:09:58.7656250PM #100001657
05:09:2014_12:12:10.1562500PM #100001657
05:09:2014_13:06:45.9375000PM #100001657
05:09:2014_13:18:28.3125000PM #100001657
05:09:2014_13:26:39.3125000PM #100001657
05:09:2014_13:28:12.3281250PM #100001657
05:09:2014_13:38:02.5625000PM #100001657
05:09:2014_13:42:37.7187500PM #100001657
05:09:2014_14:27:40.9375000PM #100001657
05:09:2014_14:28:00.9218750PM #100001657,100001679
05:09:2014_14:29:55.0625000PM #100001657,100001679
05:09:2014_14:30:29.5312500PM #100001657,100001679
05:09:2014_14:48:10.5937500PM #100001657,100001679
05:09:2014_14:54:18.7031250PM #100001657,100001679,100001663
05:09:2014_14:54:30.5625000PM #100001657,100001679,100001663
05:09:2014_15:33:51.0312500PM #100001657,100001679,100001663
05:09:2014_15:34:25.9218750PM #100001657,100001679,100001663
05:09:2014_15:54:04.8750000PM #100001657,100001679,100001663
05:09:2014_15:59:03.1562500PM #100001657,100001679,100001663
05:09:2014_16:03:17.6093750PM #100001657,100001679,100001663
05:09:2014_16:24:21.9375000PM #100001657,100001679,100001663
05:09:2014_16:38:23PM #100001657,100001679,100001663
05:09:2014_18:11:39.4531250PM #100001657,100001679,100001663
05:09:2014_18:32:44.4531250PM #100001657,100001679,100001663
05:09:2014_18:35:48.8906250PM #100001657,100001679,100001663
05:09:2014_19:37:33.4531250PM #100001671,100001672,100001673,100001674,100001678,100001679,100001680,100001681,100001682,100001684,100001685,100001686,100001687,100001688,100001689,100001691,100001693,100001694,100001695,100001696,100001697,100001698,100001699,100001700
05:09:2014_19:40:09.0312500PM #100001671,100001672,100001673,100001674,100001678,100001679,100001680,100001681,100001682,100001684,100001685,100001686,100001687,100001688,100001689,100001691,100001693,100001694,100001695,100001696,100001697,100001698,100001699,100001700
05:09:2014_20:14:13.6718750PM #100001671,100001672,100001673,100001674,100001678,100001679,100001680,100001681,100001682,100001684,100001685,100001686,100001687,100001688,100001689,100001691,100001693,100001694,100001695,100001696,100001697,100001698,100001699,100001700
05:09:2014_20:30:21.7656250PM #100001671,100001672,100001673,100001674,100001678,100001679,100001680,100001681,100001682,100001684,100001685,100001686,100001687,100001688,100001689,100001691,100001693,100001694,100001695,100001696,100001697,100001698,100001699,100001700
05:09:2014_20:49:41.3281250PM #100001671,100001672,100001673,100001674,100001678,100001680,100001681,100001682,100001685,100001686,100001687,100001688,100001689,100001691,100001693,100001694,100001695,100001696,100001697,100001698,100001699,100001700
05:09:2014_20:49:52.6875000PM #100001671,100001672,100001673,100001674,100001678,100001680,100001681,100001682,100001685,100001686,100001687,100001688,100001689,100001691,100001693,100001694,100001695,100001696,100001697,100001698,100001699,100001700
05:09:2014_20:50:17.3593750PM #100001671,100001672,100001673,100001674,100001678,100001680,100001681,100001682,100001685,100001686,100001687,100001688,100001689,100001691,100001693,100001694,100001695,100001696,100001697,100001698,100001699,100001700
05:09:2014_20:52:15.9843750PM #100001671,100001672,100001673,100001674,100001678,100001680,100001681,100001682,100001685,100001686,100001687,100001688,100001689,100001691,100001693,100001694,100001695,100001696,100001697,100001698,100001699,100001700
05:09:2014_21:03:22.2343750PM #100001671,100001672,100001673,100001674,100001678,100001680,100001681,100001682,100001685,100001686,100001687,100001688,100001689,100001691,100001693,100001694,100001695,100001696,100001697,100001698,100001699,100001700
05:09:2014_21:06:57.9062500PM #100001671,100001672,100001673,100001674,100001678,100001680,100001681,100001682,100001685,100001686,100001687,100001688,100001689,100001691,100001693,100001694,100001695,100001696,100001697,100001698,100001699,100001700
05:09:2014_21:12:48.0312500PM #100001671,100001672,100001673,100001674,100001678,100001680,100001681,100001682,100001685,100001686,100001687,100001688,100001689,100001691,100001693,100001694,100001695,100001696,100001697,100001698,100001699,100001700
05:09:2014_21:18:30.8125000PM #100001671,100001672,100001673,100001674,100001678,100001680,100001681,100001682,100001685,100001686,100001687,100001688,100001689,100001691,100001693,100001694,100001695,100001696,100001697,100001698,100001699,100001700,100001679,100001684,100001701,100001702
05:09:2014_21:19:01.8281250PM #100001671,100001672,100001673,100001674,100001678,100001680,100001681,100001682,100001685,100001686,100001687,100001688,100001689,100001691,100001693,100001694,100001695,100001696,100001697,100001698,100001699,100001700,100001679,100001684,100001701,100001702
05:09:2014_21:30:00.2812500PM #100001671,100001672,100001673,100001674,100001678,100001680,100001681,100001682,100001685,100001686,100001687,100001688,100001689,100001691,100001693,100001694,100001695,100001696,100001697,100001698,100001699,100001700,100001679,100001684,100001701,100001702
05:09:2014_21:32:49.9218750PM #100001671,100001672,100001673,100001674,100001678,100001680,100001681,100001682,100001685,100001686,100001687,100001688,100001689,100001691,100001693,100001694,100001695,100001696,100001697,100001698,100001699,100001700,100001679,100001684,100001701,100001702
05:09:2014_21:34:00.3750000PM #100001671,100001672,100001673,100001674,100001676,100001678,100001679,100001680,100001681,100001682,100001684,100001685,100001691,100001689,100001688,100001686,100001687,100001694,100001695,100001693,100001699,100001701,100001697,100001696
05:09:2014_21:35:41.5000000PM #100001671,100001672,100001673,100001674,100001676,100001678,100001679,100001680,100001681,100001682,100001684,100001685,100001691,100001689,100001688,100001686,100001687,100001694,100001695,100001693,100001699,100001701,100001697,100001696
05:09:2014_22:10:35.7187500PM #100001671,100001672,100001673,100001674,100001676,100001678,100001679,100001680,100001681,100001682,100001684,100001685,100001691,100001689,100001688,100001686,100001687,100001694,100001695,100001693,100001699,100001701,100001697,100001696
19:09:2014_14:25:27.2031250PM #100001671,100001672,100001673,100001674,100001676,100001678,100001679,100001680,100001681,100001682,100001684,100001685,100001691,100001689,100001688,100001686,100001687,100001694,100001695,100001693,100001699,100001701,100001697,100001696
19:09:2014_18:28:11.3437500PM #100001671,100001672,100001673,100001674,100001676,100001678,100001679,100001680,100001681,100001682,100001684,100001685,100001691,100001689,100001688,100001686,100001687,100001694,100001695,100001693,100001699,100001701,100001697,100001696,000000002
19:09:2014_18:28:42.2031250PM #100001671,100001672,100001673,100001674,100001676,100001678,100001679,100001680,100001681,100001682,100001684,100001685,100001691,100001689,100001688,100001686,100001687,100001694,100001695,100001693,100001699,100001701,100001697,100001696
19:09:2014_18:37:26.0781250PM #100001671,100001672,100001673,100001674,100001676,100001678,100001679,100001680,100001681,100001682,100001684,100001685,100001691,100001689,100001688,100001686,100001687,100001694,100001695,100001693,100001699,100001701,100001697,100001696,000000002
19:09:2014_18:37:52.8906250PM #100001671,100001672,100001673,100001674,100001676,100001678,100001679,100001680,100001681,100001682,100001684,100001685,100001691,100001689,100001688,100001686,100001687,100001694,100001695,100001693,100001699,100001701,100001697,100001696,000000002,000000001
20:09:2014_13:21:35.2656250PM #100001872,100001873,100001874,100001875,100001879,100001880,100001882,100001883,100001884,100001886,100001888,100001890,100001891,100001892,100001894,100001895,100001896,100001897,100001898,100001899,100001901,100001902,100001903,100001904,100001905,100001906,100001907,100001908,100001909,100001910,100001911

20:09:2014_13:22:23.8906250PM #100001872,100001873,100001874,100001875,100001879,100001880,100001882,100001883,100001884,100001886,100001888,100001890,100001891,100001892,100001894,100001895,100001896,100001897,100001898,100001899,100001901,100001902,100001903,100001904,100001905,100001906,100001907,100001908,100001909,100001910,100001911

20:09:2014_13:22:37.3750000PM #100001872,100001873,100001874,100001875,100001879,100001880,100001882,100001883,100001884,100001886,100001888,100001890,100001891,100001892,100001894,100001895,100001896,100001897,100001898,100001899,100001901,100001902,100001903,100001904,100001905,100001906,100001907,100001908,100001909,100001910,100001911

20:09:2014_13:22:59.6718750PM #100001872,100001873,100001874,100001875,100001879,100001880,100001882,100001883,100001884,100001886,100001888,100001890,100001891,100001892,100001894,100001895,100001896,100001897,100001898,100001899,100001901,100001902,100001903,100001904,100001905,100001906,100001907,100001908,100001909,100001910,100001911

20:09:2014_13:24:18.6250000PM #100001872,100001873,100001874,100001875,100001879,100001880,100001882,100001883,100001884,100001886,100001888,100001890,100001891,100001892,100001894,100001895,100001896,100001897,100001898,100001899,100001901,100001902,100001903,100001904,100001905,100001906,100001907,100001908,100001909,100001910,100001911

20:09:2014_13:36:27PM #100001888,100001890
20:09:2014_13:48:31.1875000PM #100001888,100001890,000000003
01:10:2014_13:39:23.1250000PM #100001888,100001890,000000003
09:10:2014_12:04:01.6562500PM #100002030,100002029,100002028,100002025,100002024,100002023,100002015,100002014,100002013,100002012,100002011,100002032,100002033,100002034,100002035,100002036,100002037,100002038,100002039,100002040,100002041,100002046,100002045,100002043,100002042,100002020,100002047,100002050,100002051,100002052,100002053,100002054,100002055,100002057,100002058,100002059,100002060,100002061,100002062,100002063,100002064,100002065,100002067,100002068,100002069,100002070,100002075,100002074
09:10:2014_12:04:08.8125000PM #100002030,100002029,100002028,100002025,100002024,100002023,100002015,100002014,100002013,100002012,100002011,100002032,100002033,100002034,100002035,100002036,100002037,100002038,100002039,100002040,100002041,100002046,100002045,100002043,100002042,100002020,100002047,100002050,100002051,100002052,100002053,100002054,100002055,100002057,100002058,100002059,100002060,100002061,100002062,100002063,100002064,100002065,100002067,100002068,100002069,100002070,100002075,100002074
09:10:2014_12:13:02.1875000PM #100002030,100002029,100002028,100002025,100002024,100002023,100002015,100002014,100002013,100002012,100002011,100002032,100002033,100002034,100002035,100002036,100002037,100002038,100002039,100002040,100002041,100002046,100002045,100002043,100002042,100002020,100002047,100002050,100002051,100002052,100002053,100002054,100002055,100002057,100002058,100002059,100002060,100002061,100002062,100002063,100002064,100002065,100002067,100002068,100002069,100002070,100002075,100002074
09:10:2014_12:27:24.6562500PM #100002030,100002029,100002028,100002025,100002024,100002023,100002015,100002014,100002013,100002012,100002011,100002032,100002033,100002034,100002035,100002036,100002037,100002038,100002039,100002040,100002041,100002046,100002045,100002043,100002042,100002020,100002047,100002050,100002051,100002052,100002053,100002054,100002055,100002057,100002058,100002059,100002060,100002061,100002062,100002063,100002064,100002065,100002067,100002068,100002069,100002070,100002075,100002074
09:10:2014_12:42:08.1406250PM #100002030,100002029,100002028,100002025,100002024,100002023,100002015,100002014,100002013,100002012,100002011,100002032,100002033,100002034,100002035,100002036,100002037,100002038,100002039,100002040,100002041,100002046,100002045,100002043,100002042,100002020,100002047,100002050,100002051,100002052,100002053,100002054,100002055,100002057,100002058,100002059,100002060,100002061,100002062,100002063,100002064,100002065,100002067,100002068,100002069,100002070,100002075,100002074
09:10:2014_13:03:47.1562500PM #100002030,100002029,100002028,100002025,100002024,100002023,100002015,100002014,100002013,100002012,100002011,100002032,100002033,100002034,100002035,100002036,100002037,100002038,100002039,100002040,100002041,100002046,100002045,100002043,100002042,100002020,100002047,100002050,100002051,100002052,100002053,100002054,100002055,100002057,100002058,100002059,100002060,100002061,100002062,100002063,100002064,100002065,100002067,100002068,100002069,100002070,100002075,100002074
09:10:2014_13:18:44.9843750PM #100002030,100002029,100002028,100002025,100002024,100002023,100002015,100002014,100002013,100002012,100002011,100002032,100002033,100002034,100002035,100002036,100002037,100002038,100002039,100002040,100002041,100002046,100002045,100002043,100002042,100002020,100002047,100002050,100002051,100002052,100002053,100002054,100002055,100002057,100002058,100002059,100002060,100002061,100002062,100002063,100002064,100002065,100002067,100002068,100002069,100002070,100002075,100002074
09:10:2014_13:23:31.7812500PM #100002030,100002029,100002028,100002025,100002024,100002023,100002015,100002014,100002013,100002012,100002011,100002032,100002033,100002034,100002035,100002036,100002037,100002038,100002039,100002040,100002041,100002046,100002045,100002043,100002042,100002020,100002047,100002050,100002051,100002052,100002053,100002054,100002055,100002057,100002058,100002059,100002060,100002061,100002062,100002063,100002064,100002065,100002067,100002068,100002069,100002070,100002075,100002074
09:10:2014_13:29:45.2968750PM #100002030,100002029,100002028,100002025,100002024,100002023,100002015,100002014,100002013,100002012,100002011,100002032,100002033,100002034,100002035,100002036,100002037,100002038,100002039,100002040,100002041,100002046,100002045,100002043,100002042,100002020,100002047,100002050,100002051,100002052,100002053,100002054,100002055,100002057,100002058,100002059,100002060,100002061,100002062,100002063,100002064,100002065,100002067,100002068,100002069,100002070,100002075,100002074
09:10:2014_13:31:05.6718750PM #100002030,100002029,100002028,100002025,100002024,100002023,100002015,100002014,100002013,100002012,100002011,100002032,100002033,100002034,100002035,100002036,100002037,100002038,100002039,100002040,100002041,100002046,100002045,100002043,100002042,100002020,100002047,100002050,100002051,100002052,100002053,100002054,100002055,100002057,100002058,100002059,100002060,100002061,100002062,100002063,100002064,100002065,100002067,100002068,100002069,100002070,100002075,100002074
28:10:2014_12:06:42.5625000PM #100002254,100002270,100002286,100002257,100002260,100002262,100002263,100002264,100002265,100002266,100002268,100002271,100002272,100002273,100002274,100002275,100002276,100002282,100002283,100002287,100002288
28:10:2014_12:24:26.2968750PM #100002254,100002270,100002286,100002257,100002260,100002262,100002263,100002264,100002265,100002266,100002268,100002271,100002272,100002273,100002274,100002275,100002276,100002282,100002283,100002287,100002288
28:10:2014_12:44:11.2343750PM #100002254,100002270,100002286,100002257,100002260,100002262,100002263,100002264,100002265,100002266,100002268,100002271,100002272,100002273,100002274,100002275,100002276,100002282,100002283,100002287,100002288
29:10:2014_18:36:34.6718750PM #100002254,100002270,100002286,100002257,100002260,100002262,100002263,100002264,100002265,100002266,100002268,100002271,100002272,100002273,100002274,100002275,100002276,100002282,100002283,100002287,100002288
29:10:2014_18:37:34.8750000PM #100002254,100002270,100002286,100002257,100002260,100002262,100002263,100002264,100002265,100002266,100002268,100002271,100002272,100002273,100002274,100002275,100002276,100002282,100002283,100002287,100002288
29:10:2014_18:39:34.8281250PM #100002305
29:10:2014_18:42:55.7187500PM #100002305
29:10:2014_19:09:47.3125000PM #100002290,100002294,100002297,100002298,100002303,100002305,100002301,100002304,100002306
29:10:2014_19:39:57.9687500PM #100002290,100002294,100002297,100002298,100002303,100002305,100002301,100002304,100002306
15:11:2014_12:49:29.6406250PM #100002476
15:11:2014_12:49:54.4062500PM #100002476
15:11:2014_12:50:51.5625000PM #100002476
15:11:2014_12:51:58.0156250PM #100002453,100002455,100002456,100002457,100002458,100002459,100002460,100002461,100002462,100002464,100002465,100002466,100002467,100002468,100002469,100002470,100002473,100002474
15:11:2014_12:52:43.1093750PM #100002453,100002455,100002456,100002457,100002458,100002459,100002460,100002461,100002462,100002464,100002465,100002466,100002467,100002468,100002469,100002470,100002473,100002474
15:11:2014_13:06:57.3593750PM #100002473,100002474
15:11:2014_13:12:04.4843750PM #100002473,100002474
15:11:2014_13:17:34.6718750PM #100002473,100002474
20:11:2014_19:54:35.8437500PM #100002543,100002542
01:12:2014_11:14:08.0312500AM #100002655,100002656,100002658,100002659,100002660,100002661,100002664,100002665,100002667,100002668,100002669,100002670,100002671
01:12:2014_11:14:24.0625000AM #100002655,100002656,100002658,100002659,100002660,100002661,100002664,100002665,100002667,100002668,100002669,100002670,100002671
01:12:2014_11:16:55.7187500AM #100002655,100002656,100002658,100002659,100002660,100002661,100002664,100002665,100002667,100002668,100002669,100002670,100002671
01:12:2014_11:18:13.6093750AM #100002655,100002656,100002658,100002659,100002660,100002661,100002664,100002665,100002667,100002668,100002669,100002670,100002671
01:12:2014_11:18:33.4531250AM #100002655,100002656,100002658,100002659,100002660,100002661,100002664,100002665,100002667,100002668,100002669,100002670,100002671
01:12:2014_11:20:27.3906250AM #100002655,100002656,100002658,100002659,100002660,100002661,100002664,100002665,100002667,100002668,100002669,100002670,100002671
01:12:2014_11:21:43.0781250AM #100002655
01:12:2014_11:22:21.1093750AM #100002668
01:12:2014_11:23:59.1093750AM #100002655
01:12:2014_11:24:43.7812500AM #100002655
01:12:2014_11:31:45.2656250AM #100002655,100002656,100002658,100002659,100002661,100002664,100002665,100002667,100002668,100002669,100002671
01:12:2014_11:32:30.4687500AM #100002655,100002656,100002658,100002659,100002661,100002664,100002665,100002667,100002668,100002669,100002671
01:12:2014_11:33:07.3437500AM #100002655,100002656,100002658,100002659,100002661,100002664,100002665,100002667,100002668,100002669,100002671
01:12:2014_11:34:35.7968750AM #100002655
01:12:2014_11:37:22.6406250AM #100002655
01:12:2014_11:39:27.3437500AM #100002655
01:12:2014_11:40:48.6250000AM #100002655
01:12:2014_11:41:11.4218750AM #100002655
01:12:2014_11:41:24.5156250AM #100002655
01:12:2014_11:41:40.3125000AM #100002656
01:12:2014_11:41:58.1562500AM #100002656
01:12:2014_11:43:01.2031250AM #100002655,100002656,100002658,100002659,100002660,100002661,100002664,100002665,100002667,100002668,100002669,100002670,100002671
01:12:2014_11:43:10.6562500AM #100002655,100002656,100002658,100002659,100002660,100002661,100002664,100002665,100002667,100002668,100002669,100002670,100002671
01:12:2014_11:44:55.8593750AM #100002655,100002656,100002658,100002659,100002660,100002661,100002664,100002665,100002667,100002668,100002669,100002670,100002671
01:12:2014_11:50:05.3125000AM #100002655,100002656,100002658,100002659,100002660,100002661,100002664,100002665,100002667,100002668,100002669,100002670,100002671
01:12:2014_11:53:42.7656250AM #100002655,100002656,100002658,100002659,100002660,100002661,100002664,100002665,100002667,100002668,100002669,100002670,100002671
01:12:2014_12:14:15.7031250PM #100002655,100002656,100002658,100002659,100002660,100002661,100002664,100002665,100002667,100002668,100002669,100002670,100002671
01:12:2014_12:24:09.7812500PM #100002660,100002670
01:12:2014_12:28:29.8750000PM #100002660,100002670
01:12:2014_12:29:22.9062500PM #100002655,100002656,100002658,100002659,100002660,100002661,100002664,100002665,100002667,100002668,100002669,100002670,100002671
01:12:2014_12:32:00.2656250PM #100002655,100002656,100002658,100002659,100002660,100002661,100002664,100002665,100002667,100002668,100002669,100002670,100002671
01:12:2014_12:35:20.5000000PM #100002655,100002656,100002658,100002659,100002660,100002661,100002664,100002665,100002667,100002668,100002669,100002670,100002671
01:12:2014_12:46:40.2656250PM #100002656
01:12:2014_12:48:57.9843750PM #100002656
06:12:2014_11:28:06.0468750AM #100002727
06:12:2014_11:28:32.0781250AM #100002727
06:12:2014_11:36:51.4687500AM #100002727
06:12:2014_11:38:03.7968750AM #100002723,100002724,100002725,100002726,100002727,100002728,100002729,100002730,100002731,100002732,100002733,100002734,100002735
06:12:2014_11:40:29.5000000AM #100002727
06:12:2014_11:44:46.4375000AM #100002723,100002724,100002725,100002726,100002727,100002728,100002729,100002730,100002731,100002732,100002733,100002734,100002735
06:12:2014_12:42:20.7031250PM #100002727
06:12:2014_12:42:34.5312500PM #100002727
06:12:2014_12:49:41.2500000PM #100002727
06:12:2014_12:52:19.9687500PM #100002727
06:12:2014_13:01:08.9687500PM #100002727
06:12:2014_13:09:17.9062500PM #100002723,100002724,100002725,100002726,100002727,100002728,100002729,100002730,100002731,100002732,100002733,100002734,100002735
06:12:2014_13:10:05.3437500PM #100002723,100002724,100002725,100002726,100002727,100002728,100002729,100002730,100002731,100002732,100002733,100002734,100002735
06:12:2014_13:11:03.0781250PM #100002723,100002724,100002725,100002726,100002727,100002728,100002729,100002730,100002731,100002732,100002733,100002734,100002735
06:12:2014_14:35:26.8593750PM #100002723,100002724,100002725,100002726,100002727,100002728,100002729,100002730,100002731,100002732,100002733,100002734,100002735
06:12:2014_14:37:17.0312500PM #100002723,100002724,100002725,100002726,100002727,100002728,100002729,100002730,100002731,100002732,100002733,100002734,100002735
06:12:2014_14:39:30.2656250PM #100002723,100002724,100002725,100002726,100002727,100002728,100002729,100002730,100002731,100002732,100002733,100002734,100002735
06:12:2014_14:43:40.7343750PM #100002723,100002724,100002725,100002726,100002727,100002728,100002729,100002730,100002731,100002732,100002733,100002734,100002735
06:12:2014_14:57:44.8906250PM #100002723,100002724,100002725,100002726,100002727,100002728,100002729,100002730,100002731,100002732,100002733,100002734,100002735
06:12:2014_15:00:37.3750000PM #100002723,100002724,100002725,100002726,100002727,100002728,100002729,100002730,100002731,100002732,100002733,100002734,100002735
26:12:2014_16:23:21.7656250PM #000000020,000000021
31:12:2014_17:30:45.7500000PM #000000020,000000021
31:12:2014_17:41:34.2656250PM #000000020,000000021
31:12:2014_17:51:17.2343750PM #000000027,000000028,100003012,100003013,100003014,100003015,100003016,100003017,100003018,100003020,100003021,100003022,100003025,100003026,100003027,100003028,100003029,000000029,100003024,100003030,100003005
21:01:2015_19:02:54.5312500PM #000000027,000000028,100003012,100003013,100003014,100003015,100003016,100003017,100003018,100003020,100003021,100003022,100003025,100003026,100003027,100003028,100003029,000000029,100003024,100003030,100003005
21:01:2015_19:04:42.6406250PM #000000027,000000028,100003012,100003013,100003014,100003015,100003016,100003017,100003018,100003020,100003021,100003022,100003025,100003026,100003027,100003028,100003029,000000029,100003024,100003030,100003005
21:01:2015_20:49:17.9218750PM #100003315,100003317,100003319,100003322,100003325,100003327,100003328,100003329,100003330,100003331,100003332,100003333,100003334,100003335,100003323
18:02:2015_15:01:32.3281250PM #100003749
07:03:2015_21:29:05.0312500PM #100004015,100004030,100004031,100004032,100004033,100004034,100004035,100004036,100004037,100004040,100004041,100004042,100004043
07:03:2015_21:29:32.5937500PM #100004015,100004030,100004031,100004032,100004033,100004034,100004035,100004036,100004037,100004040,100004041,100004042,100004043
07:03:2015_21:32:30.8281250PM #100004015,100004030,100004031,100004032,100004033,100004034,100004035,100004036,100004037,100004040,100004041,100004042,100004043
07:03:2015_21:33:56.1875000PM #100004015,100004030,100004031,100004032,100004033,100004034,100004035,100004036,100004037,100004040,100004041,100004042,100004043
07:03:2015_22:26:53.3593750PM #100004015,100004030,100004031,100004032,100004033,100004034,100004035,100004036,100004037,100004040,100004041,100004042,100004043
31:03:2016_16:22:42.5052693PM #100025803,100025800,100025795,100025794,100025790,100025787,100025783,100025774,100025773,100025772,100025768,100025766,100025780,100025753,100025802,100025801,100025798,100025797,100025796,100025792,100025791,100025789,100025788,100025786,100025785,100025784,100025782,100025781,100025779,100025778,100025777,100025776,100025771,100025770,100025767,100025765,100025764,100025763,100025762,100025761,100025793,100025804,100025805,10002580617:05:2016_13:26:55.0156250 #100025803,100025800,100025795,100025794,100025790,100025787,100025783,100025774,100025773,100025772,100025768,100025766,100025780,100025753,100025802,100025801,100025798,100025797,100025796,100025792,100025791,100025789,100025788,100025786,100025785,100025784,100025782,100025781,100025779,100025778,100025777,100025776,100025771,100025770,100025767,100025765,100025764,100025763,100025762,100025761,100025793,100025804,100025805,100025806
18:05:2016_18:28:39.2968750 #100025803,100025800,100025795,100025794,100025790,100025787,100025783,100025774,100025773,100025772,100025768,100025766,100025780,100025753,100025802,100025801,100025798,100025797,100025796,100025792,100025791,100025789,100025788,100025786,100025785,100025784,100025782,100025781,100025779,100025778,100025777,100025776,100025771,100025770,100025767,100025765,100025764,100025763,100025762,100025761,100025793,100025804,100025805,100025806
18:05:2016_18:29:04.1093750 #100025803,100025800,100025795,100025794,100025790,100025787,100025783,100025774,100025773,100025772,100025768,100025766,100025780,100025753,100025802,100025801,100025798,100025797,100025796,100025792,100025791,100025789,100025788,100025786,100025785,100025784,100025782,100025781,100025779,100025778,100025777,100025776,100025771,100025770,100025767,100025765,100025764,100025763,100025762,100025761,100025793,100025804,100025805,100025806
21:05:2016_15:19:24.0781250 #100028279,100028278
21:05:2016_15:30:45.5468750 #100028279,100028278,100028280,100028281
21:05:2016_18:03:00.3437500 #100028279,100028278,100028280,100028281
23:05:2016_12:42:39.9843750 #100028279,100028278,100028280,100028281
23:05:2016_17:32:17.2187500 #100028279,100028278,100028280,100028281
23:05:2016_17:38:30.0937500 #100028279,100028278,100028280,100028281
24:05:2016_10:39:52.5937500 #100028279,100028278,100028280,100028281
26:05:2016_15:54:25.3750000 #100028522,100028520,100028514,100028513,100028504,100028498,100028495,100028482,100028481,100028480,100028475,100028474,100028478,100028471,100028527,100028526,100028525,100028524,100028521,100028518,100028516,100028515,100028512,100028509,100028508,100028507,100028506,100028505,100028503,100028502,100028501,100028499,100028497,100028493,100028492,100028491,100028490,100028489,100028488,100028487,100028486,100028485,100028483,100028479,100028477,100028476,100028473,100028472,100028523,100028519,100028517,100028500,100028496,100028494,100028484,100028528,100028529
26:05:2016_16:02:47.8593750 #100028522,100028520,100028514,100028513,100028504,100028498,100028495,100028482,100028481,100028480,100028475,100028474,100028478,100028471,100028527,100028526,100028525,100028524,100028521,100028518,100028516,100028515,100028512,100028509,100028508,100028507,100028506,100028505,100028503,100028502,100028501,100028499,100028497,100028493,100028492,100028491,100028490,100028489,100028488,100028487,100028486,100028485,100028483,100028479,100028477,100028476,100028473,100028472,100028523,100028519,100028517,100028500,100028496,100028494,100028484,100028528,100028529
27:05:2016_12:39:31.6410628 #100028522,100028520
27:05:2016_12:39:36.7035628 #100028522,100028520
27:05:2016_12:39:37.6566878 #100028522,100028520
30:05:2016_17:32:15.6093750 #100028522
17:06:2016_11:16:52.0468750 #100028522
17:06:2016_11:17:27.8593750 #100028522
12:07:2016_15:37:52.0937500 #100030842,100030841,100030835,100030816,100030812,100030811,100030807,100030806,100030805,100030844,100030843,100030840,100030839,100030838,100030837,100030836,100030834,100030833,100030832,100030831,100030830,100030829,100030828,100030827,100030826,100030825,100030824,100030823,100030822,100030821,100030820,100030819,100030818,100030817,100030815,100030814,100030813,100030810,100030809,100030808,100030804,100030803,100030845,100030846,100030847,100030855
22:07:2016_10:46:42.2187500 #100030842
22:07:2016_10:49:18.9062500 #100030842
22:07:2016_10:49:26.0625000 #100030842
17:08:2016_01:28:07.1875000 #100030842
17:08:2016_01:31:05.2500000 #100030842
17:08:2016_01:45:43.4218750 #100030842
17:08:2016_01:53:38.5000000 #100030842
17:08:2016_07:21:25.0625000 #100030842
17:08:2016_07:26:27.1250000 #100030842
19:08:2016_21:52:04.3281250 #100030842
19:08:2016_22:19:02.9062500 #100030842
19:08:2016_23:10:57.2500000 #100030842
19:08:2016_23:32:36.0625000 #100030842
19:08:2016_23:47:16.5468750 #100030842
20:08:2016_13:07:41.5000000 #100032525,100032563
20:08:2016_13:07:57.7500000 #100032525,100032563
20:08:2016_13:10:41.5937500 #100032525,100032563
20:08:2016_13:20:35.8750000 #100032525,100032563,100032565
20:08:2016_13:25:58.3906250 #100032525,100032563,100032565
20:08:2016_13:28:27.2343750 #100032525,100032584,100032565
20:08:2016_13:31:45.8906250 #100032525,100032584,100032565,100032563
20:08:2016_13:35:11.6406250 #100032525,100032584,100032565,100032563
29:08:2016_13:12:36.1562500 #100032525,100032584,100032565,100032563
29:08:2016_13:13:44.6250000 #100032525,100032584,100032565,100032563,100032564
29:08:2016_18:07:33.6718750 #100032525,100032584,100032565,100032563,100032564
29:08:2016_18:10:01.8906250 #100032525,100032584,100032565,100032563,100032564
29:08:2016_18:16:50.6250000 #100032525,100032584,100032565,100032563,100032564
29:08:2016_18:57:17.0468750 #100032525,100032584,100032565,100032563,100032564
29:08:2016_18:58:49.1875000 #100032525,100032584,100032565,100032563,100032564
29:08:2016_19:01:46.9062500 #100032525,100032584,100032565,100032563,100032564
29:08:2016_19:04:16 #100032525,100032584,100032565,100032563,100032564
30:08:2016_10:50:12.3476176 #100032525,100032584,100032565,100032563,100032564
30:08:2016_11:48:00.7069926 #100032525,100032584,100032565,100032563,100032564
30:08:2016_11:54:32.7226176 #100032525,100032584,100032565,100032563,100032564
30:08:2016_12:05:42.0507426 #100032525,100032584,100032565,100032563,100032564
30:08:2016_12:21:25.1288676 #100032525,100032584,100032565,100032563,100032564
30:08:2016_12:22:35.1288676 #100032525,100032584,100032565,100032563,100032564
30:08:2016_13:04:43.9882426 #100032525,100032584,100032565,100032563,100032564
30:08:2016_15:01:47.0663676 #100032525,100032584,100032565,100032563,100032564
31:08:2016_14:15:35.9375000 #100032525,100032584,100032565,100032563,100032564
31:08:2016_14:17:05.5468750 #100032525,100032584,100032565,100032563,100032564
31:08:2016_15:42:56.4375000 #100032525,100032584,100032565,100032563,100032564
31:08:2016_16:03:11.9218750 #100032525,100032584,100032565,100032563,100032564
31:08:2016_16:04:30.7187500 #100032525,100032584,100032565,100032563,100032564
02:09:2016_17:48:09.5468750 #100032525,100032584,100032565,100032563,100032564
02:09:2016_17:56:33.4531250 #100032525,100032584,100032565,100032563,100032564
02:09:2016_19:24:28.5000000 #100032525,100032584,100032565,100032563,100032564
08:09:2016_09:08:17.6875000 #100033504,100033502,100033501,100033499,100033495,100033493,100033492,100033485,100033473,100033472,100033471,100033470,100033508,100033507,100033506,100033505,100033503,100033500,100033498,100033494,100033490,100033489,100033488,100033487,100033484,100033483,100033482,100033480,100033479,100033478,100033477,100033475,100033474,100033491,100033509,100033510,100033511
08:09:2016_09:09:09.2500000 #100033504,100033502,100033501,100033499,100033495,100033493,100033492,100033485,100033473,100033472,100033471,100033470,100033508,100033507,100033506,100033505,100033503,100033500,100033498,100033494,100033490,100033489,100033488,100033487,100033484,100033483,100033482,100033480,100033479,100033478,100033477,100033475,100033474,100033491,100033509,100033510,100033511
15:09:2016_17:53:37.3593750 #100033504,100033502,100033843,100033847
23:12:2016_15:24:05.6807940 #100033504,100033502,100033843,100033847
28:12:2016_18:00:25.2968750 #100033504,100033502,100033843,100033847
28:12:2016_18:26:52.4843750 #100033504,100033502,100033843,100033847
28:12:2016_20:22:04.5937500 #100033504,100033502,100033843,100033847
03:01:2017_21:47:47.5921250 #100033504,100033502,100033843,100033847
09:01:2017_11:15:06.9218750 #100038696,100038586,100038575,100038573,100038476,100038431,100038190,100038377,100038691,100038677,100038638,100038605,100038532,100038526,100038458,100038447,100038430,100038154,100037952,100038173
09:01:2017_11:15:14.3906250 #100038696,100038586,100038575,100038573,100038476,100038431,100038190,100038377,100038691,100038677,100038638,100038605,100038532,100038526,100038458,100038447,100038430,100038154,100037952,100038173
12:01:2017_19:53:57.6562500 #100038879,100038880,100038881,100038882,100038883,100038884,100038885,100038886,100038887,100038888,100038889,100038890,100038891,100038892,100038893,100038894,100038895,100038896,100038897,100038898,100038899,100038900,100038901,100038902,100038903,100038904,100038905,100038906,100038907,100038908,100038909,100038910,100038911,100038912,100038913,100038914,100038915,100038916,100038917,100038918,100038919
27:01:2017_11:27:09.1718750 #100038879,100038880,100038881,100038882,100038883,100038884,100038885,100038886,100038887,100038888,100038889,100038890,100038891,100038892,100038893,100038894,100038895,100038896,100038897,100038898,100038899,100038900,100038901,100038902,100038903,100038904,100038905,100038906,100038907,100038908,100038909,100038910,100038911,100038912,100038913,100038914,100038915,100038916,100038917,100038918,100038919
27:01:2017_12:07:04.7187500 #100038879,100038880,100038881,100038882,100038883,100038884,100038885,100038886,100038887,100038888,100038889,100038890,100038891,100038892,100038893,100038894,100038895,100038896,100038897,100038898,100038899,100038900,100038901,100038902,100038903,100038904,100038905,100038906,100038907,100038908,100038909,100038910,100038911,100038912,100038913,100038914,100038915,100038916,100038917,100038918,100038919
24:02:2017_18:13:21.5937500 #100038879,100038880,100038881,100038882,100038883,100038884,100038885,100038886,100038887,100038888,100038889,100038890,100038891,100038892,100038893,100038894,100038895,100038896,100038897,100038898,100038899,100038900,100038901,100038902,100038903,100038904,100038905,100038906,100038907,100038908,100038909,100038910,100038911,100038912,100038913,100038914,100038915,100038916,100038917,100038918,100038919
24:02:2017_18:13:45.7968750 #100038879,100038880,100038881,100038882,100038883,100038884,100038885,100038886,100038887,100038888,100038889,100038890,100038891,100038892,100038893,100038894,100038895,100038896,100038897,100038898,100038899,100038900,100038901,100038902,100038903,100038904,100038905,100038906,100038907,100038908,100038909,100038910,100038911,100038912,100038913,100038914,100038915,100038916,100038917,100038918,100038919
28:03:2017_11:40:56.7968750 #100041647,100041648,100041649,100041650,100041653,100041654,100041655,100041656,100041658,100041659,100041660,100041661,100041662,100041663,100041664,100041665,100041666,100041667,100041668,100041669,100041670,100041671,100041672,100041673,100041674,100041675,100041676,100041677,100041678,100041679,100041680,100041681,100041682,100041683,100041684,100041685,100041686,100041687,100041688,100041689,100041690,100041691,100041692,100041707
29:03:2017_17:33:05.8851230 #100041647,100041648,100041649,100041650,100041653,100041654,100041655,100041656,100041658,100041659,100041660,100041661,100041662,100041663,100041664,100041665,100041666,100041667,100041668,100041669,100041670,100041671,100041672,100041673,100041674,100041675,100041676,100041677,100041678,100041679,100041680,100041681,100041682,100041683,100041684,100041685,100041686,100041687,100041688,100041689,100041690,100041691,100041692,100041707
29:03:2017_17:33:25.6038730 #100041647,100041648,100041649,100041650,100041653,100041654,100041655,100041656,100041658,100041659,100041660,100041661,100041662,100041663,100041664,100041665,100041666,100041667,100041668,100041669,100041670,100041671,100041672,100041673,100041674,100041675,100041676,100041677,100041678,100041679,100041680,100041681,100041682,100041683,100041684,100041685,100041686,100041687,100041688,100041689,100041690,100041691,100041692,100041707
05:04:2017_11:56:15.1369779 #100041966,100041970,100041971,100041972,100041973,100041974,100041975,100041976,100041977,100041978,100041979,100041980,100041981,100041982,100041983,100041984,100041985,100041986,100041987,100041989,100041990,100041991,100041992,100041993,100041994,100041995,100041996,100041997,100041998,100041999,100042000,100042001,100042002,100042003
05:04:2017_11:56:52.2932279 #100041966,100041970,100041971,100041972,100041973,100041974,100041975,100041976,100041977,100041978,100041979,100041980,100041981,100041982,100041983,100041984,100041985,100041986,100041987,100041989,100041990,100041991,100041992,100041993,100041994,100041995,100041996,100041997,100041998,100041999,100042000,100042001,100042002,100042003
11:04:2017_12:20:56.7500000 #100042210
11:04:2017_12:21:10.4062500 #100042210
12:04:2017_16:05:28.7807845 #100042210
12:04:2017_16:06:51.8432845 #100042209,100042210,100042211,100042212,100042213,100042214,100042216,100042217,100042218,100042219,100042220,100042221,100042223,100042224,100042226,100042227,100042228,100042229,100042231,100042232,100042233,100042234,100042235,100042236,100042237,100042238,100042239,100042240,100042241,100042243,100042244,100042245,100042246,100042247,100042249,100042250,100042251,100042252,100042253,100042254,100042255
12:04:2017_16:23:25.4995345 #100042209,100042210,100042211,100042212,100042213,100042214,100042216,100042217,100042218,100042219,100042220,100042221,100042223,100042224,100042226,100042227,100042228,100042229,100042231,100042232,100042233,100042234,100042235,100042236,100042237,100042238,100042239,100042240,100042241,100042243,100042244,100042245,100042246,100042247,100042249,100042250,100042251,100042252,100042253,100042254,100042255
13:04:2017_08:50:24.6406250 #100042287,100042281,100042264,100042290,100042293,100042256,100042263,100042261,100042286,100042291,100042274,100042267,100042259,100042276,100042289,100042258,100042277,100042268,100042284,100042265,100042271,100042282,100042273,100042292,100042270,100042278,100042285,100042257,100042280,100042262,100042269,100042260,100042275,100042288,100042279,100042283,100042294,100042295
17:04:2017_14:48:21.3437500 #100042417
17:04:2017_16:54:53.4375000 #100042371,100042372,100042373,100042374,100042375,100042376,100042377,100042378,100042379,100042380,100042381,100042382,100042383,100042384,100042385,100042386,100042387,100042388,100042389,100042390,100042391,100042392,100042393,100042394,100042395,100042396,100042397,100042398,100042399,100042400,100042401,100042402,100042403,100042404,100042405,100042406,100042407,100042408,100042370,100042368,100042369
17:04:2017_16:55:13.4375000 #100042371,100042372,100042373,100042374,100042375,100042376,100042377,100042378,100042379,100042380,100042381,100042382,100042383,100042384,100042385,100042386,100042387,100042388,100042389,100042390,100042391,100042392,100042393,100042394,100042395,100042396,100042397,100042398,100042399,100042400,100042401,100042402,100042403,100042404,100042405,100042406,100042407,100042408,100042370,100042368,100042369
17:04:2017_16:55:32.2187500 #100042371,100042372,100042373,100042374,100042375,100042376,100042377,100042378,100042379,100042380,100042381,100042382,100042383,100042384,100042385,100042386,100042387,100042388,100042389,100042390,100042391,100042392,100042393,100042394,100042395,100042396,100042397,100042398,100042399,100042400,100042401,100042402,100042403,100042404,100042405,100042406,100042407,100042408,100042370,100042368,100042369
17:04:2017_16:56:04.5000000 #100042371,100042372,100042373,100042374,100042375,100042376,100042377,100042378,100042379,100042380,100042381,100042382,100042383,100042384,100042385,100042386,100042387,100042388,100042389,100042390,100042391,100042392,100042393,100042394,100042395,100042396,100042397,100042398,100042399,100042400,100042401,100042402,100042403,100042404,100042405,100042406,100042407,100042408,100042370,100042368,100042369
17:04:2017_17:16:07.5156250 #100042371,100042372,100042373,100042374,100042375,100042376,100042377,100042378,100042379,100042380,100042381,100042382,100042383,100042384,100042385,100042386,100042387,100042388,100042389,100042390,100042391,100042392,100042393,100042394,100042395,100042396,100042397,100042398,100042399,100042400,100042401,100042402,100042403,100042404,100042405,100042406,100042407,100042408,100042370,100042368,100042369
17:04:2017_17:18:03.6562500 #100042371,100042372,100042373,100042374,100042375,100042376,100042377,100042378,100042379,100042380,100042381,100042382,100042383,100042384,100042385,100042386,100042387,100042388,100042389,100042390,100042391,100042392,100042393,100042394,100042395,100042396,100042397,100042398,100042399,100042400,100042401,100042402,100042403,100042404,100042405,100042406,100042407,100042408,100042370,100042368,100042369
17:04:2017_17:18:31.7968750 #100042371,100042372,100042373,100042374,100042375,100042376,100042377,100042378,100042379,100042380,100042381,100042382,100042383,100042384,100042385,100042386,100042387,100042388,100042389,100042390,100042391,100042392,100042393,100042394,100042395,100042396,100042397,100042398,100042399,100042400,100042401,100042402,100042403,100042404,100042405,100042406,100042407,100042408,100042370,100042368,100042369
18:04:2017_11:23:35.5468750 #100042409,100042410,100042411,100042412,100042413,100042414,100042416,100042417,100042418,100042419,100042420,100042421,100042422,100042423,100042424,100042425,100042426,100042427,100042429,100042430,100042431,100042432,100042433,100042434,100042435,100042436,100042437,100042438,100042439,100042440,100042441,100042442,100042443,100042444,100042445,100042446,100042447,100042448,100042449,100042450,100042451,100042452,100042453,100042387,100042025
19:04:2017_13:05:54.4757284 #100042454,100042455,100042456,100042457,100042458,100042459,100042460,100042461,100042462,100042464,100042465,100042466,100042467,100042468,100042469,100042470,100042471,100042472,100042473,100042474,100042475,100042476,100042477,100042478,100042479,100042480,100042481,100042482,100042483,100042484,100042485,100042486,100042487,100042488,100042489,100042490,100042491,100042492,100042372
20:04:2017_11:25:09.2500000 #100042493,100042494,100042495,100042496,100042497,100042498,100042499,100042500,100042501,100042502,100042503,100042505,100042506,100042507,100042508,100042509,100042510,100042511,100042512,100042513,100042514,100042515,100042517,100042518,100042519,100042520,100042521,100042523
20:04:2017_11:25:52.9843750 #100042493,100042494,100042495,100042496,100042497,100042498,100042499,100042500,100042501,100042502,100042503,100042505,100042506,100042507,100042508,100042509,100042510,100042511,100042512,100042513,100042514,100042515,100042517,100042518,100042519,100042520,100042521,100042523
20:04:2017_11:36:48.7343750 #100042493,100042494,100042495,100042496,100042497,100042498,100042499,100042500,100042501,100042502,100042503,100042505,100042506,100042507,100042508,100042509,100042510,100042511,100042512,100042513,100042514,100042515,100042517,100042518,100042519,100042520,100042521,100042523
20:04:2017_12:25:58.0937500 #100042493,100042494,100042495,100042496,100042497,100042498,100042499,100042500,100042501,100042502,100042503,100042505,100042506,100042507,100042508,100042509,100042510,100042511,100042512,100042513,100042514,100042515,100042517,100042518,100042519,100042520,100042521,100042523
24:04:2017_16:59:34.2656250 #100042493,100042494,100042495,100042496,100042497,100042498,100042499,100042500,100042501,100042502,100042503,100042505,100042506,100042507,100042508,100042509,100042510,100042511,100042512,100042513,100042514,100042515,100042517,100042518,100042519,100042520,100042521,100042523,100042671
24:04:2017_17:00:43.6875000 #100042493,100042494,100042495,100042496,100042497,100042498,100042499,100042500,100042501,100042502,100042503,100042505,100042506,100042507,100042508,100042509,100042510,100042511,100042512,100042513,100042514,100042515,100042517,100042518,100042519,100042520,100042521,100042523,100042671
19:05:2017_14:09:45.1875000 #100042493,100042494,100042495,100042496,100042497,100042498,100042499,100042500,100042501,100042502,100042503,100042505,100042506,100042507,100042508,100042509,100042510,100042511,100042512,100042513,100042514,100042515,100042517,100042518,100042519,100042520,100042521,100042523,100042671
19:05:2017_14:14:36.7500000 #100042493,100042494,100042495,100042496,100042497,100042498,100042499,100042500,100042501,100042502,100042503,100042505,100042506,100042507,100042508,100042509,100042510,100042511,100042512,100042513,100042514,100042515,100042517,100042518,100042519,100042520,100042521,100042523,100042671
19:05:2017_14:19:55.8281250 #100042493,100042494,100042495,100042496,100042497,100042498,100042499,100042500,100042501,100042502,100042503,100042505,100042506,100042507,100042508,100042509,100042510,100042511,100042512,100042513,100042514,100042515,100042517,100042518,100042519,100042520,100042521,100042523,100042671
19:05:2017_14:28:03 #100042493,100042494,100042495,100042496,100042497,100042498,100042499,100042500,100042501,100042502,100042503,100042505,100042506,100042507,100042508,100042509,100042510,100042511,100042512,100042513,100042514,100042515,100042517,100042518,100042519,100042520,100042521,100042523,100042671
19:05:2017_14:37:35.8906250 #100042493,100042494,100042495,100042496,100042497,100042498,100042499,100042500,100042501,100042502,100042503,100042505,100042506,100042507,100042508,100042509,100042510,100042511,100042512,100042513,100042514,100042515,100042517,100042518,100042519,100042520,100042521,100042523,100042671
19:05:2017_15:30:45.9531250 #100042493,100042494,100042495,100042496,100042497,100042498,100042499,100042500,100042501,100042502,100042503,100042505,100042506,100042507,100042508,100042509,100042510,100042511,100042512,100042513,100042514,100042515,100042517,100042518,100042519,100042520,100042521,100042523,100042671
19:05:2017_15:32:29.7656250 #100042493,100042494,100042495,100042496,100042497,100042498,100042499,100042500,100042501,100042502,100042503,100042505,100042506,100042507,100042508,100042509,100042510,100042511,100042512,100042513,100042514,100042515,100042517,100042518,100042519,100042520,100042521,100042523,100042671
19:05:2017_16:24:34.8437500 #100042493,100042494,100042495,100042496,100042497,100042498,100042499,100042500,100042501,100042502,100042503,100042505,100042506,100042507,100042508,100042509,100042510,100042511,100042512,100042513,100042514,100042515,100042517,100042518,100042519,100042520,100042521,100042523,100042671
19:05:2017_18:51:58.7187500 #100042493,100042494,100042495,100042496,100042497,100042498,100042499,100042500,100042501,100042502,100042503,100042505,100042506,100042507,100042508,100042509,100042510,100042511,100042512,100042513,100042514,100042515,100042517,100042518,100042519,100042520,100042521,100042523,100042671
19:05:2017_19:07:43.5625000 #100042493,100042494,100042495,100042496,100042497,100042498,100042499,100042500,100042501,100042502,100042503,100042505,100042506,100042507,100042508,100042509,100042510,100042511,100042512,100042513,100042514,100042515,100042517,100042518,100042519,100042520,100042521,100042523,100042671
19:05:2017_19:11:56.8437500 #100042493,100042494,100042495,100042496,100042497,100042498,100042499,100042500,100042501,100042502,100042503,100042505,100042506,100042507,100042508,100042509,100042510,100042511,100042512,100042513,100042514,100042515,100042517,100042518,100042519,100042520,100042521,100042523,100042671
20:05:2017_11:25:41.9218750 #100042493,100042494,100042495,100042496,100042497,100042498,100042499,100042500,100042501,100042502,100042503,100042505,100042506,100042507,100042508,100042509,100042510,100042511,100042512,100042513,100042514,100042515,100042517,100042518,100042519,100042520,100042521,100042523,100042671
20:05:2017_11:37:30.2656250 #100042493,100042494,100042495,100042496,100042497,100042498,100042499,100042500,100042501,100042502,100042503,100042505,100042506,100042507,100042508,100042509,100042510,100042511,100042512,100042513,100042514,100042515,100042517,100042518,100042519,100042520,100042521,100042523,100042671
20:05:2017_16:51:24.5156250 #100042493,100042494,100042495,100042496,100042497,100042498,100042499,100042500,100042501,100042502,100042503,100042505,100042506,100042507,100042508,100042509,100042510,100042511,100042512,100042513,100042514,100042515,100042517,100042518,100042519,100042520,100042521,100042523,100042671
22:05:2017_11:46:22.4375000 #100042493,100042494,100042495,100042496,100042497,100042498,100042499,100042500,100042501,100042502,100042503,100042505,100042506,100042507,100042508,100042509,100042510,100042511,100042512,100042513,100042514,100042515,100042517,100042518,100042519,100042520,100042521,100042523,100042671
22:05:2017_11:56:06.1093750 #100042493,100042494,100042495,100042496,100042497,100042498,100042499,100042500,100042501,100042502,100042503,100042505,100042506,100042507,100042508,100042509,100042510,100042511,100042512,100042513,100042514,100042515,100042517,100042518,100042519,100042520,100042521,100042523,100042671
22:05:2017_12:06:01.4531250 #100042493,100042494,100042495,100042496,100042497,100042498,100042499,100042500,100042501,100042502,100042503,100042505,100042506,100042507,100042508,100042509,100042510,100042511,100042512,100042513,100042514,100042515,100042517,100042518,100042519,100042520,100042521,100042523,100042671
22:05:2017_12:25:15.9062500 #100042493,100042494,100042495,100042496,100042497,100042498,100042499,100042500,100042501,100042502,100042503,100042505,100042506,100042507,100042508,100042509,100042510,100042511,100042512,100042513,100042514,100042515,100042517,100042518,100042519,100042520,100042521,100042523,100042671
22:05:2017_12:39:42.1562500 #100042493,100042494,100042495,100042496,100042497,100042498,100042499,100042500,100042501,100042502,100042503,100042505,100042506,100042507,100042508,100042509,100042510,100042511,100042512,100042513,100042514,100042515,100042517,100042518,100042519,100042520,100042521,100042523,100042671
22:05:2017_13:12:54.4843750 #100042493,100042494,100042495,100042496,100042497,100042498,100042499,100042500,100042501,100042502,100042503,100042505,100042506,100042507,100042508,100042509,100042510,100042511,100042512,100042513,100042514,100042515,100042517,100042518,100042519,100042520,100042521,100042523,100042671
22:05:2017_13:44:23.7031250 #100042493,100042494,100042495,100042496,100042497,100042498,100042499,100042500,100042501,100042502,100042503,100042505,100042506,100042507,100042508,100042509,100042510,100042511,100042512,100042513,100042514,100042515,100042517,100042518,100042519,100042520,100042521,100042523,100042671
22:05:2017_14:16:22.5625000 #100042493,100042494,100042495,100042496,100042497,100042498,100042499,100042500,100042501,100042502,100042503,100042505,100042506,100042507,100042508,100042509,100042510,100042511,100042512,100042513,100042514,100042515,100042517,100042518,100042519,100042520,100042521,100042523,100042671
22:05:2017_14:47:53.5625000 #100042493,100042494,100042495,100042496,100042497,100042498,100042499,100042500,100042501,100042502,100042503,100042505,100042506,100042507,100042508,100042509,100042510,100042511,100042512,100042513,100042514,100042515,100042517,100042518,100042519,100042520,100042521,100042523,100042671
22:05:2017_16:14:30.6250000 #100042493,100042494,100042495,100042496,100042497,100042498,100042499,100042500,100042501,100042502,100042503,100042505,100042506,100042507,100042508,100042509,100042510,100042511,100042512,100042513,100042514,100042515,100042517,100042518,100042519,100042520,100042521,100042523,100042671
